10 30383
32 766111
33 308
39 1943
40 214
41 214
44 68389
45 23
46 25438
58 12439
59 9968
63 3179
65 17038
66 4472
67 1621
68 8425
69 2439
70 2292
71 5943
72 3042
73 12823
74 5920
75 519
76 8859
77 2954
78 1746
79 8547
80 1718
81 5
82 7179
83 4618
84 7424
85 275
86 99
87 2345
89 529
90 883
97 248716
98 42888
99 51317
100 144021
101 396042
102 78370
103 47279
104 270179
105 174140
106 2388
107 20703
108 117300
109 74364
110 215496
111 226152
112 39885
113 930
114 157355
115 179075
116 299633
117 80762
118 29448
119 61051
120 1423
121 56323
122 1828
