11111
11110
11100
11000
10001
00010
00100
01001
10011
00110
01101
11010
10101
01011
10111
01111
11110
11100
11000
10001
00010
00100
01001
10011
00110
01101
11010
10101
01011
10111
01111
11110
11100
11000
10001
00010
00100
01001
10011
00110
01101
11010
10101
01011
10111
01111
11110
11100
11000
10001
00010
00100
01001
10011
00110
01101
11010
10101
01011
10111
01111
11110
11100
11000
10001
00010
00100
01001
10011
00110
01101
11010
10101
01011
10111
01111
11110
11100
11000
10001
00010
00100
01001
10011
00110
01101
11010
10101
01011
10111
01111