20 13 
22.0 25.0 21.0 13.0 17.0 24.0 17.0 16.0 13.0 18.0 16.0 23.0 10.0 13.0 13.0 14.0 10.0 20.0 14.0 11.0
11.0 20.0 16.0 23.0 18.0 12.0 25.0 23.0 11.0 18.0 15.0 15.0 21.0 19.0 23.0 12.0 12.0 23.0 13.0 20.0 175.0
22.0 11.0 18.0 10.0 15.0 16.0 16.0 22.0 10.0 22.0 13.0 12.0 11.0 14.0 24.0 19.0 23.0 15.0 17.0 18.0 164.0
25.0 13.0 22.0 12.0 13.0 16.0 20.0 22.0 13.0 16.0 20.0 13.0 23.0 24.0 15.0 14.0 21.0 20.0 13.0 19.0 177.0
22.0 17.0 23.0 21.0 13.0 18.0 13.0 24.0 14.0 17.0 20.0 25.0 18.0 24.0 23.0 20.0 11.0 18.0 16.0 19.0 188.0
21.0 11.0 12.0 16.0 18.0 13.0 14.0 17.0 11.0 20.0 14.0 14.0 17.0 23.0 11.0 13.0 15.0 25.0 22.0 13.0 160.0
20.0 12.0 22.0 15.0 25.0 17.0 25.0 25.0 14.0 17.0 24.0 16.0 17.0 25.0 13.0 21.0 17.0 20.0 14.0 22.0 190.5
25.0 17.0 19.0 14.0 12.0 12.0 10.0 20.0 13.0 11.0 15.0 18.0 18.0 25.0 21.0 23.0 25.0 12.0 18.0 23.0 175.5
23.0 15.0 22.0 11.0 20.0 11.0 23.0 12.0 10.0 23.0 19.0 19.0 16.0 10.0 18.0 25.0 13.0 21.0 17.0 13.0 170.5
21.0 10.0 20.0 16.0 20.0 10.0 21.0 10.0 11.0 25.0 16.0 25.0 20.0 20.0 24.0 11.0 19.0 11.0 14.0 18.0 171.0
25.0 16.0 11.0 21.0 23.0 22.0 18.0 12.0 10.0 15.0 11.0 18.0 23.0 10.0 23.0 20.0 19.0 21.0 10.0 17.0 172.5
11.0 21.0 21.0 19.0 25.0 17.0 15.0 11.0 13.0 18.0 25.0 11.0 22.0 17.0 12.0 24.0 16.0 19.0 24.0 16.0 178.5
10.0 21.0 16.0 14.0 19.0 23.0 22.0 17.0 17.0 14.0 24.0 14.0 14.0 20.0 11.0 22.0 19.0 23.0 16.0 12.0 174.0
13.0 13.0 22.0 14.0 15.0 11.0 13.0 12.0 15.0 18.0 18.0 10.0 11.0 18.0 24.0 15.0 11.0 22.0 11.0 21.0 153.5
