30 20 
19.0 21.0 10.0 20.0 22.0 24.0 25.0 10.0 22.0 17.0 24.0 11.0 22.0 20.0 11.0 11.0 15.0 15.0 18.0 19.0 19.0 13.0 13.0 23.0 21.0 22.0 25.0 19.0 11.0 21.0
-1.0 0.0 0.0 0.0 0.0 0.0 0.0 0.0 0.0 0.0 0.0 0.0 0.0 0.0 0.0 0.0 0.0 0.0 0.0 0.0 19.0 22.0 25.0 11.0 17.0 16.0 16.0 10.0 12.0 24.0 265.0
0.0 -1.0 0.0 0.0 0.0 0.0 0.0 0.0 0.0 0.0 0.0 0.0 0.0 0.0 0.0 0.0 0.0 0.0 0.0 0.0 25.0 17.0 15.0 15.0 13.0 18.0 20.0 14.0 18.0 22.0 255.5
0.0 0.0 -1.0 0.0 0.0 0.0 0.0 0.0 0.0 0.0 0.0 0.0 0.0 0.0 0.0 0.0 0.0 0.0 0.0 0.0 15.0 23.0 25.0 16.0 14.0 21.0 11.0 17.0 25.0 24.0 284.0
0.0 0.0 0.0 -1.0 0.0 0.0 0.0 0.0 0.0 0.0 0.0 0.0 0.0 0.0 0.0 0.0 0.0 0.0 0.0 0.0 21.0 21.0 23.0 14.0 25.0 25.0 23.0 22.0 10.0 19.0 294.0
0.0 0.0 0.0 0.0 -1.0 0.0 0.0 0.0 0.0 0.0 0.0 0.0 0.0 0.0 0.0 0.0 0.0 0.0 0.0 0.0 20.0 11.0 19.0 23.0 19.0 17.0 11.0 25.0 10.0 19.0 270.0
0.0 0.0 0.0 0.0 0.0 -1.0 0.0 0.0 0.0 0.0 0.0 0.0 0.0 0.0 0.0 0.0 0.0 0.0 0.0 0.0 15.0 16.0 22.0 17.0 10.0 19.0 17.0 18.0 22.0 11.0 269.5
0.0 0.0 0.0 0.0 0.0 0.0 -1.0 0.0 0.0 0.0 0.0 0.0 0.0 0.0 0.0 0.0 0.0 0.0 0.0 0.0 20.0 20.0 12.0 12.0 20.0 19.0 20.0 12.0 14.0 25.0 268.0
0.0 0.0 0.0 0.0 0.0 0.0 0.0 -1.0 0.0 0.0 0.0 0.0 0.0 0.0 0.0 0.0 0.0 0.0 0.0 0.0 19.0 22.0 15.0 20.0 17.0 13.0 10.0 16.0 23.0 21.0 268.5
0.0 0.0 0.0 0.0 0.0 0.0 0.0 0.0 -1.0 0.0 0.0 0.0 0.0 0.0 0.0 0.0 0.0 0.0 0.0 0.0 10.0 20.0 18.0 10.0 23.0 20.0 25.0 20.0 13.0 11.0 253.0
0.0 0.0 0.0 0.0 0.0 0.0 0.0 0.0 0.0 -1.0 0.0 0.0 0.0 0.0 0.0 0.0 0.0 0.0 0.0 0.0 13.0 21.0 12.0 19.0 17.0 24.0 25.0 14.0 16.0 24.0 283.0
0.0 0.0 0.0 0.0 0.0 0.0 0.0 0.0 0.0 0.0 -1.0 0.0 0.0 0.0 0.0 0.0 0.0 0.0 0.0 0.0 25.0 21.0 14.0 10.0 24.0 15.0 11.0 11.0 22.0 23.0 267.5
0.0 0.0 0.0 0.0 0.0 0.0 0.0 0.0 0.0 0.0 0.0 -1.0 0.0 0.0 0.0 0.0 0.0 0.0 0.0 0.0 11.0 18.0 19.0 10.0 13.0 18.0 25.0 17.0 20.0 12.0 276.5
0.0 0.0 0.0 0.0 0.0 0.0 0.0 0.0 0.0 0.0 0.0 0.0 -1.0 0.0 0.0 0.0 0.0 0.0 0.0 0.0 17.0 21.0 17.0 14.0 10.0 22.0 20.0 10.0 19.0 10.0 268.5
0.0 0.0 0.0 0.0 0.0 0.0 0.0 0.0 0.0 0.0 0.0 0.0 0.0 -1.0 0.0 0.0 0.0 0.0 0.0 0.0 21.0 10.0 17.0 10.0 11.0 10.0 25.0 18.0 21.0 13.0 243.5
0.0 0.0 0.0 0.0 0.0 0.0 0.0 0.0 0.0 0.0 0.0 0.0 0.0 0.0 -1.0 0.0 0.0 0.0 0.0 0.0 25.0 16.0 17.0 11.0 13.0 19.0 20.0 14.0 11.0 22.0 247.0
0.0 0.0 0.0 0.0 0.0 0.0 0.0 0.0 0.0 0.0 0.0 0.0 0.0 0.0 0.0 -1.0 0.0 0.0 0.0 0.0 10.0 16.0 25.0 12.0 18.0 10.0 13.0 24.0 15.0 16.0 235.5
0.0 0.0 0.0 0.0 0.0 0.0 0.0 0.0 0.0 0.0 0.0 0.0 0.0 0.0 0.0 0.0 -1.0 0.0 0.0 0.0 25.0 25.0 25.0 10.0 11.0 21.0 22.0 21.0 25.0 17.0 276.0
0.0 0.0 0.0 0.0 0.0 0.0 0.0 0.0 0.0 0.0 0.0 0.0 0.0 0.0 0.0 0.0 0.0 -1.0 0.0 0.0 24.0 11.0 15.0 16.0 12.0 23.0 17.0 21.0 12.0 10.0 264.0
0.0 0.0 0.0 0.0 0.0 0.0 0.0 0.0 0.0 0.0 0.0 0.0 0.0 0.0 0.0 0.0 0.0 0.0 -1.0 0.0 14.0 12.0 13.0 17.0 12.0 18.0 19.0 12.0 18.0 19.0 250.0
0.0 0.0 0.0 0.0 0.0 0.0 0.0 0.0 0.0 0.0 0.0 0.0 0.0 0.0 0.0 0.0 0.0 0.0 0.0 -1.0 17.0 11.0 20.0 13.0 24.0 22.0 25.0 12.0 21.0 11.0 247.5
