20 13 
12.0 20.0 19.0 18.0 23.0 12.0 16.0 14.0 16.0 24.0 18.0 13.0 20.0 10.0 14.0 18.0 25.0 25.0 19.0 12.0
-1.0 0.0 0.0 0.0 0.0 0.0 0.0 0.0 0.0 0.0 0.0 0.0 0.0 11.0 10.0 12.0 15.0 13.0 23.0 11.0 165.0
0.0 -1.0 0.0 0.0 0.0 0.0 0.0 0.0 0.0 0.0 0.0 0.0 0.0 18.0 21.0 15.0 20.0 10.0 23.0 25.0 170.5
0.0 0.0 -1.0 0.0 0.0 0.0 0.0 0.0 0.0 0.0 0.0 0.0 0.0 23.0 13.0 16.0 12.0 20.0 21.0 11.0 167.5
0.0 0.0 0.0 -1.0 0.0 0.0 0.0 0.0 0.0 0.0 0.0 0.0 0.0 12.0 22.0 23.0 25.0 25.0 11.0 16.0 185.0
0.0 0.0 0.0 0.0 -1.0 0.0 0.0 0.0 0.0 0.0 0.0 0.0 0.0 25.0 16.0 13.0 21.0 19.0 15.0 11.0 177.0
0.0 0.0 0.0 0.0 0.0 -1.0 0.0 0.0 0.0 0.0 0.0 0.0 0.0 17.0 25.0 21.0 25.0 18.0 21.0 16.0 193.0
0.0 0.0 0.0 0.0 0.0 0.0 -1.0 0.0 0.0 0.0 0.0 0.0 0.0 20.0 25.0 22.0 25.0 19.0 20.0 21.0 201.5
0.0 0.0 0.0 0.0 0.0 0.0 0.0 -1.0 0.0 0.0 0.0 0.0 0.0 16.0 10.0 15.0 12.0 18.0 20.0 11.0 171.0
0.0 0.0 0.0 0.0 0.0 0.0 0.0 0.0 -1.0 0.0 0.0 0.0 0.0 24.0 13.0 24.0 21.0 16.0 24.0 15.0 183.5
0.0 0.0 0.0 0.0 0.0 0.0 0.0 0.0 0.0 -1.0 0.0 0.0 0.0 13.0 14.0 11.0 10.0 11.0 23.0 18.0 147.5
0.0 0.0 0.0 0.0 0.0 0.0 0.0 0.0 0.0 0.0 -1.0 0.0 0.0 19.0 22.0 11.0 14.0 22.0 13.0 10.0 167.5
0.0 0.0 0.0 0.0 0.0 0.0 0.0 0.0 0.0 0.0 0.0 -1.0 0.0 19.0 24.0 20.0 16.0 12.0 17.0 23.0 171.0
0.0 0.0 0.0 0.0 0.0 0.0 0.0 0.0 0.0 0.0 0.0 0.0 -1.0 21.0 22.0 20.0 23.0 11.0 19.0 11.0 183.0
