15 30 
15 11 5 7 5 5 10 15 14 12 7 8 13 7 6 11 11 12 14 12 12 6 15 14 8 5 11 12 13 15
-1 0 0 0 0 0 0 0 0 0 0 0 0 0 0 12 11 14 5 5 12 5 11 11 13 15 6 10 9 7 151
0 -1 0 0 0 0 0 0 0 0 0 0 0 0 0 15 9 9 15 15 14 12 15 10 8 6 6 12 6 6 153
0 0 -1 0 0 0 0 0 0 0 0 0 0 0 0 15 9 5 12 8 6 15 11 15 14 6 8 14 11 15 157
0 0 0 -1 0 0 0 0 0 0 0 0 0 0 0 8 9 5 14 9 6 11 12 15 6 8 7 13 12 10 150
0 0 0 0 -1 0 0 0 0 0 0 0 0 0 0 9 14 11 15 15 10 8 7 7 10 14 9 14 8 13 158
0 0 0 0 0 -1 0 0 0 0 0 0 0 0 0 12 10 10 8 9 14 7 10 13 7 6 8 12 5 9 147
0 0 0 0 0 0 -1 0 0 0 0 0 0 0 0 9 9 6 8 11 6 6 7 12 12 9 12 15 9 7 151
0 0 0 0 0 0 0 -1 0 0 0 0 0 0 0 15 6 10 5 12 9 6 7 5 12 6 13 12 14 9 145
0 0 0 0 0 0 0 0 -1 0 0 0 0 0 0 6 6 8 12 15 12 11 14 8 11 15 6 8 9 13 153
0 0 0 0 0 0 0 0 0 -1 0 0 0 0 0 11 5 15 14 7 6 14 13 7 13 7 13 13 8 15 152
0 0 0 0 0 0 0 0 0 0 -1 0 0 0 0 13 11 13 13 10 7 11 15 9 11 10 6 10 13 15 152
0 0 0 0 0 0 0 0 0 0 0 -1 0 0 0 5 15 13 14 12 8 9 11 9 11 8 7 9 11 8 144
0 0 0 0 0 0 0 0 0 0 0 0 -1 0 0 5 12 7 7 10 9 15 14 10 8 10 11 15 8 6 144
0 0 0 0 0 0 0 0 0 0 0 0 0 -1 0 14 11 14 5 9 10 13 11 12 8 10 12 10 7 11 146
0 0 0 0 0 0 0 0 0 0 0 0 0 0 -1 5 5 14 15 14 13 12 5 15 13 9 13 5 6 12 153
