26 50 
13 14 22 19 12 17 10 23 22 14 23 21 15 25 25 25 15 25 12 11 21 10 18 24 16 18 15 21 21 12 16 14 10 18 21 12 19 20 12 15 13 13 21 12 11 15 12 19 13 17
-1 0 0 0 0 0 0 0 0 0 0 0 0 0 0 0 0 0 0 0 0 0 0 0 0 0 11 15 12 18 19 18 17 22 21 11 13 20 15 24 22 20 14 14 24 23 11 11 22 19 430
0 -1 0 0 0 0 0 0 0 0 0 0 0 0 0 0 0 0 0 0 0 0 0 0 0 0 20 19 25 15 13 21 20 19 16 10 15 13 25 24 22 22 11 24 17 13 11 14 20 14 447
0 0 -1 0 0 0 0 0 0 0 0 0 0 0 0 0 0 0 0 0 0 0 0 0 0 0 25 21 20 11 10 19 23 13 18 22 17 25 18 20 12 11 18 21 13 11 15 12 21 24 433
0 0 0 -1 0 0 0 0 0 0 0 0 0 0 0 0 0 0 0 0 0 0 0 0 0 0 14 24 16 24 15 24 13 19 20 23 21 17 17 24 10 24 16 14 13 21 23 25 21 25 457
0 0 0 0 -1 0 0 0 0 0 0 0 0 0 0 0 0 0 0 0 0 0 0 0 0 0 16 20 18 13 23 19 19 17 10 23 19 20 24 13 12 15 19 22 11 20 22 18 12 22 446
0 0 0 0 0 -1 0 0 0 0 0 0 0 0 0 0 0 0 0 0 0 0 0 0 0 0 21 11 14 11 11 10 11 23 11 13 19 25 24 19 21 14 23 16 16 17 21 18 25 16 440
0 0 0 0 0 0 -1 0 0 0 0 0 0 0 0 0 0 0 0 0 0 0 0 0 0 0 17 17 19 10 25 11 23 16 15 18 21 11 12 13 23 20 22 10 24 21 12 10 18 19 411
0 0 0 0 0 0 0 -1 0 0 0 0 0 0 0 0 0 0 0 0 0 0 0 0 0 0 24 10 12 22 17 24 15 17 11 23 23 12 14 17 11 25 20 13 21 16 23 14 10 18 433
0 0 0 0 0 0 0 0 -1 0 0 0 0 0 0 0 0 0 0 0 0 0 0 0 0 0 22 14 18 14 24 25 17 19 11 20 15 11 22 24 23 21 17 10 12 24 12 10 22 25 425
0 0 0 0 0 0 0 0 0 -1 0 0 0 0 0 0 0 0 0 0 0 0 0 0 0 0 21 12 15 19 21 12 15 23 17 18 25 12 15 14 18 21 20 24 25 13 14 14 13 24 443
0 0 0 0 0 0 0 0 0 0 -1 0 0 0 0 0 0 0 0 0 0 0 0 0 0 0 10 14 25 25 17 22 25 20 23 19 24 18 14 20 24 22 24 13 22 13 10 12 21 13 458
0 0 0 0 0 0 0 0 0 0 0 -1 0 0 0 0 0 0 0 0 0 0 0 0 0 0 19 13 12 22 23 17 19 17 23 11 12 23 10 15 23 12 15 10 10 19 14 15 11 15 449
0 0 0 0 0 0 0 0 0 0 0 0 -1 0 0 0 0 0 0 0 0 0 0 0 0 0 13 13 12 23 19 13 13 10 11 24 10 19 23 20 16 15 24 18 17 18 17 23 17 14 429
0 0 0 0 0 0 0 0 0 0 0 0 0 -1 0 0 0 0 0 0 0 0 0 0 0 0 25 18 22 14 18 23 25 24 25 17 19 19 12 23 14 21 17 12 16 18 20 22 24 17 470
0 0 0 0 0 0 0 0 0 0 0 0 0 0 -1 0 0 0 0 0 0 0 0 0 0 0 17 21 10 22 21 14 22 13 11 10 10 20 16 15 13 10 11 20 11 22 20 18 18 25 414
0 0 0 0 0 0 0 0 0 0 0 0 0 0 0 -1 0 0 0 0 0 0 0 0 0 0 23 19 24 10 10 25 21 10 18 18 24 20 10 20 10 23 21 19 25 11 18 23 11 11 447
0 0 0 0 0 0 0 0 0 0 0 0 0 0 0 0 -1 0 0 0 0 0 0 0 0 0 23 12 16 11 23 24 19 15 11 22 10 10 10 21 25 22 20 16 25 16 16 19 16 12 426
0 0 0 0 0 0 0 0 0 0 0 0 0 0 0 0 0 -1 0 0 0 0 0 0 0 0 15 16 14 17 17 16 20 12 22 18 25 24 12 15 14 19 15 11 19 16 23 12 21 19 429
0 0 0 0 0 0 0 0 0 0 0 0 0 0 0 0 0 0 -1 0 0 0 0 0 0 0 12 12 18 12 17 14 24 18 11 15 21 14 20 25 12 18 14 11 22 16 10 15 25 13 426
0 0 0 0 0 0 0 0 0 0 0 0 0 0 0 0 0 0 0 -1 0 0 0 0 0 0 18 11 15 21 11 12 21 10 16 19 19 19 12 21 24 11 11 18 10 11 25 21 17 22 424
0 0 0 0 0 0 0 0 0 0 0 0 0 0 0 0 0 0 0 0 -1 0 0 0 0 0 11 11 17 16 16 23 12 14 24 23 24 14 23 24 10 10 15 22 13 11 22 16 15 22 448
0 0 0 0 0 0 0 0 0 0 0 0 0 0 0 0 0 0 0 0 0 -1 0 0 0 0 11 24 17 23 11 20 14 19 10 17 12 25 20 19 21 10 14 15 23 14 24 13 15 20 442
0 0 0 0 0 0 0 0 0 0 0 0 0 0 0 0 0 0 0 0 0 0 -1 0 0 0 15 11 19 15 15 17 15 17 20 25 16 16 11 14 15 24 18 12 20 20 18 11 11 14 412
0 0 0 0 0 0 0 0 0 0 0 0 0 0 0 0 0 0 0 0 0 0 0 -1 0 0 20 23 15 16 12 24 25 12 16 18 16 12 12 19 25 17 11 19 14 23 22 14 13 25 441
0 0 0 0 0 0 0 0 0 0 0 0 0 0 0 0 0 0 0 0 0 0 0 0 -1 0 13 10 19 25 14 18 10 23 12 24 24 15 23 11 20 13 12 14 24 13 22 25 21 11 432
0 0 0 0 0 0 0 0 0 0 0 0 0 0 0 0 0 0 0 0 0 0 0 0 0 -1 16 15 23 25 23 16 25 24 18 18 18 22 13 13 21 23 16 22 12 24 17 25 21 21 453
