49 70 
18 25 13 19 21 16 11 14 10 11 11 18 24 23 13 18 18 12 24 21 21 18 23 17 20 11 21 23 16 15 11 16 12 14 16 16 11 23 17 20 11 18 24 19 24 22 11 20 12 24 16 24 18 19 22 11 15 19 19 22 24 16 10 20 18 19 16 22 21 18
-1 0 0 0 0 0 0 0 0 0 0 0 0 0 0 0 0 0 0 0 0 0 0 0 0 0 0 0 0 0 0 0 0 0 0 0 0 0 0 0 0 0 0 0 0 0 0 0 0 14 16 16 25 20 12 13 22 25 23 22 11 24 20 11 15 14 20 12 16 23 598
0 -1 0 0 0 0 0 0 0 0 0 0 0 0 0 0 0 0 0 0 0 0 0 0 0 0 0 0 0 0 0 0 0 0 0 0 0 0 0 0 0 0 0 0 0 0 0 0 0 16 18 15 14 24 15 25 22 13 13 18 12 18 12 25 23 12 19 23 17 22 595
0 0 -1 0 0 0 0 0 0 0 0 0 0 0 0 0 0 0 0 0 0 0 0 0 0 0 0 0 0 0 0 0 0 0 0 0 0 0 0 0 0 0 0 0 0 0 0 0 0 18 24 19 17 19 25 24 19 17 10 12 15 20 24 19 21 16 20 24 24 25 660
0 0 0 -1 0 0 0 0 0 0 0 0 0 0 0 0 0 0 0 0 0 0 0 0 0 0 0 0 0 0 0 0 0 0 0 0 0 0 0 0 0 0 0 0 0 0 0 0 0 14 19 12 14 21 17 14 25 12 13 14 21 13 18 18 15 10 12 17 18 25 623
0 0 0 0 -1 0 0 0 0 0 0 0 0 0 0 0 0 0 0 0 0 0 0 0 0 0 0 0 0 0 0 0 0 0 0 0 0 0 0 0 0 0 0 0 0 0 0 0 0 19 21 14 10 15 24 15 15 25 16 17 14 17 18 24 17 14 17 10 23 25 592
0 0 0 0 0 -1 0 0 0 0 0 0 0 0 0 0 0 0 0 0 0 0 0 0 0 0 0 0 0 0 0 0 0 0 0 0 0 0 0 0 0 0 0 0 0 0 0 0 0 23 12 22 24 20 23 21 22 16 12 14 14 16 11 20 23 17 20 10 18 17 621
0 0 0 0 0 0 -1 0 0 0 0 0 0 0 0 0 0 0 0 0 0 0 0 0 0 0 0 0 0 0 0 0 0 0 0 0 0 0 0 0 0 0 0 0 0 0 0 0 0 22 10 16 10 20 18 11 19 20 23 23 22 19 19 24 11 12 12 21 21 18 618
0 0 0 0 0 0 0 -1 0 0 0 0 0 0 0 0 0 0 0 0 0 0 0 0 0 0 0 0 0 0 0 0 0 0 0 0 0 0 0 0 0 0 0 0 0 0 0 0 0 24 10 19 10 24 22 10 18 20 14 23 22 21 15 18 12 19 13 10 10 21 606
0 0 0 0 0 0 0 0 -1 0 0 0 0 0 0 0 0 0 0 0 0 0 0 0 0 0 0 0 0 0 0 0 0 0 0 0 0 0 0 0 0 0 0 0 0 0 0 0 0 24 17 21 14 16 20 16 24 24 17 25 17 20 17 19 21 24 18 18 19 11 631
0 0 0 0 0 0 0 0 0 -1 0 0 0 0 0 0 0 0 0 0 0 0 0 0 0 0 0 0 0 0 0 0 0 0 0 0 0 0 0 0 0 0 0 0 0 0 0 0 0 25 11 20 20 21 14 25 20 22 21 24 20 21 20 13 11 12 25 22 23 20 646
0 0 0 0 0 0 0 0 0 0 -1 0 0 0 0 0 0 0 0 0 0 0 0 0 0 0 0 0 0 0 0 0 0 0 0 0 0 0 0 0 0 0 0 0 0 0 0 0 0 10 10 19 22 12 12 24 23 24 16 12 14 12 21 10 10 12 18 23 24 14 639
0 0 0 0 0 0 0 0 0 0 0 -1 0 0 0 0 0 0 0 0 0 0 0 0 0 0 0 0 0 0 0 0 0 0 0 0 0 0 0 0 0 0 0 0 0 0 0 0 0 19 19 18 10 13 13 23 22 21 19 19 13 18 15 20 21 25 21 22 11 13 616
0 0 0 0 0 0 0 0 0 0 0 0 -1 0 0 0 0 0 0 0 0 0 0 0 0 0 0 0 0 0 0 0 0 0 0 0 0 0 0 0 0 0 0 0 0 0 0 0 0 18 17 21 21 15 17 23 12 22 14 19 18 18 15 16 23 10 11 23 25 12 601
0 0 0 0 0 0 0 0 0 0 0 0 0 -1 0 0 0 0 0 0 0 0 0 0 0 0 0 0 0 0 0 0 0 0 0 0 0 0 0 0 0 0 0 0 0 0 0 0 0 21 15 15 22 18 19 20 14 15 12 15 22 21 25 15 18 24 13 12 16 17 605
0 0 0 0 0 0 0 0 0 0 0 0 0 0 -1 0 0 0 0 0 0 0 0 0 0 0 0 0 0 0 0 0 0 0 0 0 0 0 0 0 0 0 0 0 0 0 0 0 0 13 17 25 21 10 22 24 16 14 22 13 19 15 25 13 12 13 20 14 18 11 605
0 0 0 0 0 0 0 0 0 0 0 0 0 0 0 -1 0 0 0 0 0 0 0 0 0 0 0 0 0 0 0 0 0 0 0 0 0 0 0 0 0 0 0 0 0 0 0 0 0 25 11 11 15 25 14 10 23 12 10 11 20 18 19 24 21 18 14 12 20 25 613
0 0 0 0 0 0 0 0 0 0 0 0 0 0 0 0 -1 0 0 0 0 0 0 0 0 0 0 0 0 0 0 0 0 0 0 0 0 0 0 0 0 0 0 0 0 0 0 0 0 14 10 14 10 15 22 16 13 17 23 17 24 15 20 13 22 19 24 12 13 23 642
0 0 0 0 0 0 0 0 0 0 0 0 0 0 0 0 0 -1 0 0 0 0 0 0 0 0 0 0 0 0 0 0 0 0 0 0 0 0 0 0 0 0 0 0 0 0 0 0 0 18 16 21 23 23 12 25 22 23 15 24 18 15 19 13 16 13 15 20 24 23 621
0 0 0 0 0 0 0 0 0 0 0 0 0 0 0 0 0 0 -1 0 0 0 0 0 0 0 0 0 0 0 0 0 0 0 0 0 0 0 0 0 0 0 0 0 0 0 0 0 0 13 17 11 16 11 25 24 24 12 16 12 24 19 17 17 18 18 13 18 12 23 607
0 0 0 0 0 0 0 0 0 0 0 0 0 0 0 0 0 0 0 -1 0 0 0 0 0 0 0 0 0 0 0 0 0 0 0 0 0 0 0 0 0 0 0 0 0 0 0 0 0 12 20 23 21 17 10 15 22 24 18 25 24 23 19 23 23 12 23 11 19 25 631
0 0 0 0 0 0 0 0 0 0 0 0 0 0 0 0 0 0 0 0 -1 0 0 0 0 0 0 0 0 0 0 0 0 0 0 0 0 0 0 0 0 0 0 0 0 0 0 0 0 20 25 24 14 25 22 10 17 12 23 22 24 20 17 22 10 25 13 12 23 24 667
0 0 0 0 0 0 0 0 0 0 0 0 0 0 0 0 0 0 0 0 0 -1 0 0 0 0 0 0 0 0 0 0 0 0 0 0 0 0 0 0 0 0 0 0 0 0 0 0 0 12 12 19 25 11 23 22 14 11 11 18 14 15 17 19 16 22 16 25 15 14 586
0 0 0 0 0 0 0 0 0 0 0 0 0 0 0 0 0 0 0 0 0 0 -1 0 0 0 0 0 0 0 0 0 0 0 0 0 0 0 0 0 0 0 0 0 0 0 0 0 0 10 16 20 15 25 12 24 22 16 18 17 17 13 18 11 14 11 20 14 22 19 605
0 0 0 0 0 0 0 0 0 0 0 0 0 0 0 0 0 0 0 0 0 0 0 -1 0 0 0 0 0 0 0 0 0 0 0 0 0 0 0 0 0 0 0 0 0 0 0 0 0 17 17 22 10 16 25 14 24 13 11 15 20 15 23 20 18 12 16 20 10 16 579
0 0 0 0 0 0 0 0 0 0 0 0 0 0 0 0 0 0 0 0 0 0 0 0 -1 0 0 0 0 0 0 0 0 0 0 0 0 0 0 0 0 0 0 0 0 0 0 0 0 19 22 19 15 25 17 25 14 10 15 21 25 23 11 13 25 16 11 21 24 11 618
0 0 0 0 0 0 0 0 0 0 0 0 0 0 0 0 0 0 0 0 0 0 0 0 0 -1 0 0 0 0 0 0 0 0 0 0 0 0 0 0 0 0 0 0 0 0 0 0 0 22 10 11 12 17 19 13 11 14 15 16 19 24 25 20 18 25 12 16 10 23 613
0 0 0 0 0 0 0 0 0 0 0 0 0 0 0 0 0 0 0 0 0 0 0 0 0 0 -1 0 0 0 0 0 0 0 0 0 0 0 0 0 0 0 0 0 0 0 0 0 0 13 14 25 17 22 16 21 24 22 11 23 10 12 11 22 13 10 10 25 22 14 606
0 0 0 0 0 0 0 0 0 0 0 0 0 0 0 0 0 0 0 0 0 0 0 0 0 0 0 -1 0 0 0 0 0 0 0 0 0 0 0 0 0 0 0 0 0 0 0 0 0 19 25 13 19 11 16 14 24 25 18 16 10 14 17 10 22 14 19 16 18 24 624
0 0 0 0 0 0 0 0 0 0 0 0 0 0 0 0 0 0 0 0 0 0 0 0 0 0 0 0 -1 0 0 0 0 0 0 0 0 0 0 0 0 0 0 0 0 0 0 0 0 23 20 25 20 16 13 23 20 20 25 13 25 16 19 25 14 10 18 22 23 11 628
0 0 0 0 0 0 0 0 0 0 0 0 0 0 0 0 0 0 0 0 0 0 0 0 0 0 0 0 0 -1 0 0 0 0 0 0 0 0 0 0 0 0 0 0 0 0 0 0 0 20 17 12 20 22 15 13 21 20 23 23 12 22 15 17 16 16 18 21 17 16 598
0 0 0 0 0 0 0 0 0 0 0 0 0 0 0 0 0 0 0 0 0 0 0 0 0 0 0 0 0 0 -1 0 0 0 0 0 0 0 0 0 0 0 0 0 0 0 0 0 0 14 10 18 21 22 11 17 11 24 18 19 16 12 11 24 16 21 24 12 17 19 607
0 0 0 0 0 0 0 0 0 0 0 0 0 0 0 0 0 0 0 0 0 0 0 0 0 0 0 0 0 0 0 -1 0 0 0 0 0 0 0 0 0 0 0 0 0 0 0 0 0 22 24 13 20 13 18 14 19 24 23 10 22 20 22 16 25 22 12 11 17 12 609
0 0 0 0 0 0 0 0 0 0 0 0 0 0 0 0 0 0 0 0 0 0 0 0 0 0 0 0 0 0 0 0 -1 0 0 0 0 0 0 0 0 0 0 0 0 0 0 0 0 18 10 24 11 21 12 23 22 18 25 24 21 10 19 15 17 21 19 14 10 25 600
0 0 0 0 0 0 0 0 0 0 0 0 0 0 0 0 0 0 0 0 0 0 0 0 0 0 0 0 0 0 0 0 0 -1 0 0 0 0 0 0 0 0 0 0 0 0 0 0 0 22 22 12 16 12 25 18 10 19 16 22 21 14 22 14 23 19 11 15 17 10 601
0 0 0 0 0 0 0 0 0 0 0 0 0 0 0 0 0 0 0 0 0 0 0 0 0 0 0 0 0 0 0 0 0 0 -1 0 0 0 0 0 0 0 0 0 0 0 0 0 0 21 14 11 24 10 20 25 25 23 21 12 12 16 10 21 25 15 19 16 13 15 610
0 0 0 0 0 0 0 0 0 0 0 0 0 0 0 0 0 0 0 0 0 0 0 0 0 0 0 0 0 0 0 0 0 0 0 -1 0 0 0 0 0 0 0 0 0 0 0 0 0 15 12 14 18 23 16 18 22 21 13 22 10 11 21 15 10 24 22 24 22 20 619
0 0 0 0 0 0 0 0 0 0 0 0 0 0 0 0 0 0 0 0 0 0 0 0 0 0 0 0 0 0 0 0 0 0 0 0 -1 0 0 0 0 0 0 0 0 0 0 0 0 22 23 16 23 11 11 12 24 23 17 24 10 25 11 24 19 16 19 11 20 25 632
0 0 0 0 0 0 0 0 0 0 0 0 0 0 0 0 0 0 0 0 0 0 0 0 0 0 0 0 0 0 0 0 0 0 0 0 0 -1 0 0 0 0 0 0 0 0 0 0 0 16 11 15 18 11 22 16 24 16 24 20 23 16 10 17 22 20 17 21 19 17 597
0 0 0 0 0 0 0 0 0 0 0 0 0 0 0 0 0 0 0 0 0 0 0 0 0 0 0 0 0 0 0 0 0 0 0 0 0 0 -1 0 0 0 0 0 0 0 0 0 0 13 17 12 11 23 13 21 14 14 14 11 20 21 18 20 16 17 21 17 20 19 616
0 0 0 0 0 0 0 0 0 0 0 0 0 0 0 0 0 0 0 0 0 0 0 0 0 0 0 0 0 0 0 0 0 0 0 0 0 0 0 -1 0 0 0 0 0 0 0 0 0 17 22 20 20 17 19 21 15 19 21 18 11 18 10 15 16 12 10 21 24 19 620
0 0 0 0 0 0 0 0 0 0 0 0 0 0 0 0 0 0 0 0 0 0 0 0 0 0 0 0 0 0 0 0 0 0 0 0 0 0 0 0 -1 0 0 0 0 0 0 0 0 16 22 12 25 13 22 16 13 13 22 10 19 18 24 24 25 12 13 22 21 16 632
0 0 0 0 0 0 0 0 0 0 0 0 0 0 0 0 0 0 0 0 0 0 0 0 0 0 0 0 0 0 0 0 0 0 0 0 0 0 0 0 0 -1 0 0 0 0 0 0 0 19 11 17 13 23 24 19 24 20 23 18 14 21 14 23 15 21 11 13 10 21 626
0 0 0 0 0 0 0 0 0 0 0 0 0 0 0 0 0 0 0 0 0 0 0 0 0 0 0 0 0 0 0 0 0 0 0 0 0 0 0 0 0 0 -1 0 0 0 0 0 0 13 11 11 16 24 17 11 12 25 17 13 18 13 11 16 15 20 13 18 11 13 597
0 0 0 0 0 0 0 0 0 0 0 0 0 0 0 0 0 0 0 0 0 0 0 0 0 0 0 0 0 0 0 0 0 0 0 0 0 0 0 0 0 0 0 -1 0 0 0 0 0 16 19 25 20 14 17 13 16 23 17 17 12 16 13 10 19 19 21 25 11 24 603
0 0 0 0 0 0 0 0 0 0 0 0 0 0 0 0 0 0 0 0 0 0 0 0 0 0 0 0 0 0 0 0 0 0 0 0 0 0 0 0 0 0 0 0 -1 0 0 0 0 11 15 13 23 17 16 21 20 19 24 13 21 22 24 12 13 16 23 12 24 15 602
0 0 0 0 0 0 0 0 0 0 0 0 0 0 0 0 0 0 0 0 0 0 0 0 0 0 0 0 0 0 0 0 0 0 0 0 0 0 0 0 0 0 0 0 0 -1 0 0 0 25 19 22 23 18 15 15 21 15 13 21 21 25 15 25 19 23 18 19 24 20 632
0 0 0 0 0 0 0 0 0 0 0 0 0 0 0 0 0 0 0 0 0 0 0 0 0 0 0 0 0 0 0 0 0 0 0 0 0 0 0 0 0 0 0 0 0 0 -1 0 0 23 13 21 16 19 12 17 22 17 10 12 15 10 13 14 20 18 18 19 15 24 605
0 0 0 0 0 0 0 0 0 0 0 0 0 0 0 0 0 0 0 0 0 0 0 0 0 0 0 0 0 0 0 0 0 0 0 0 0 0 0 0 0 0 0 0 0 0 0 -1 0 20 13 22 16 20 24 20 19 10 14 25 19 13 24 17 20 25 18 25 22 16 631
0 0 0 0 0 0 0 0 0 0 0 0 0 0 0 0 0 0 0 0 0 0 0 0 0 0 0 0 0 0 0 0 0 0 0 0 0 0 0 0 0 0 0 0 0 0 0 0 -1 19 17 16 22 10 24 19 23 19 18 11 14 22 17 16 25 25 18 18 21 19 635
