53 70 
24 20 12 19 14 15 13 25 25 25 24 14 25 22 21 25 24 25 18 18 15 22 13 19 13 11 17 16 13 12 19 15 22 12 12 17 16 16 11 13 22 16 20 12 13 14 24 21 24 20 24 12 22 10 24 19 14 25 15 13 15 25 11 11 16 15 14 15 18 21
23 22 11 15 19 25 20 12 25 10 25 16 20 15 10 19 14 13 21 18 13 25 10 21 18 19 22 12 21 17 16 24 19 11 11 16 11 24 23 24 11 23 16 23 12 18 21 15 13 23 17 23 24 13 18 21 10 19 19 10 18 13 13 21 16 18 25 14 12 23 15
12 12 24 10 16 12 20 18 15 12 17 24 25 15 17 23 25 14 24 16 20 12 17 12 12 18 10 18 12 22 12 21 11 24 16 20 20 18 20 18 19 17 15 24 14 20 19 24 20 15 24 13 10 12 22 13 14 20 17 24 11 25 11 11 20 16 11 12 21 13 16
22 14 15 16 13 22 11 21 19 19 22 21 23 14 14 16 24 22 14 21 10 11 17 18 24 18 16 23 13 23 21 10 11 20 23 18 24 20 12 13 24 13 20 23 19 12 23 11 25 25 23 23 17 15 14 13 16 15 16 24 15 25 25 10 21 10 19 20 13 14 11
13 17 16 15 15 24 24 18 12 13 15 15 17 11 22 11 10 23 19 17 11 22 13 24 25 13 17 11 18 13 18 21 10 16 24 11 25 23 14 10 21 19 21 13 10 15 10 13 14 24 12 14 21 10 25 21 18 19 11 12 17 19 12 21 24 10 13 25 21 20 12
13 22 20 24 14 16 19 12 24 15 23 22 14 21 20 19 17 11 10 20 14 23 12 15 14 20 20 22 15 20 25 12 24 18 14 22 13 25 16 18 11 25 13 25 14 22 17 21 16 12 22 11 14 14 22 15 14 16 17 15 15 19 17 18 24 19 11 13 21 14 19
11 11 21 15 23 14 19 12 17 16 14 17 18 24 15 11 11 19 15 25 19 10 15 10 14 10 18 13 22 21 12 18 19 12 20 15 21 13 11 18 11 14 13 14 11 17 12 20 13 14 10 17 22 16 25 12 22 11 25 16 25 20 10 24 25 14 13 15 15 15 13
12 18 25 15 11 14 23 23 25 23 21 22 20 20 25 25 21 13 14 20 23 12 24 15 18 17 14 16 12 21 21 12 13 24 15 15 10 22 14 17 15 10 12 16 21 21 20 12 22 10 22 21 18 18 24 21 23 16 19 17 14 24 20 22 22 12 24 24 23 17 18
12 23 18 17 14 19 18 17 25 12 12 17 13 24 25 22 16 23 14 13 14 16 23 25 17 20 23 23 24 12 18 11 16 15 17 23 13 22 24 22 16 17 21 13 13 19 14 17 23 10 10 10 14 20 19 16 15 18 24 24 10 14 22 14 17 10 13 11 13 22 25
21 16 16 15 22 14 25 16 10 15 16 18 25 20 19 13 23 25 14 15 14 22 18 17 14 16 22 14 22 14 25 14 18 17 19 23 21 11 11 25 15 21 21 12 16 10 15 22 12 25 15 23 13 24 17 15 25 17 25 14 13 22 10 21 21 10 19 13 15 15 14
16 23 21 21 19 16 25 14 12 11 10 10 21 11 12 20 10 23 10 18 19 13 24 18 18 10 18 10 23 19 12 11 20 24 21 20 11 16 10 19 16 16 16 18 19 18 22 25 14 17 23 20 13 12 25 12 11 23 22 20 23 23 18 20 19 15 14 25 24 24 11
12 20 22 22 21 15 20 23 25 23 11 23 18 10 19 18 17 17 12 19 23 13 22 12 14 21 19 14 12 13 23 12 19 20 20 21 14 11 20 20 23 12 16 10 24 23 19 10 22 17 14 18 15 21 23 20 12 16 14 22 12 17 10 16 25 24 16 17 16 21 13
20 20 21 14 14 16 17 21 10 15 11 17 14 25 23 24 24 11 17 17 21 16 22 17 25 12 24 13 16 20 14 16 19 18 18 23 15 14 20 19 16 16 20 16 23 23 12 20 22 22 12 10 23 21 10 24 24 25 24 25 22 20 21 23 15 11 24 16 25 18 13
24 14 21 13 23 17 11 12 16 18 20 25 10 20 16 17 13 11 21 24 22 15 19 11 23 25 17 18 13 11 11 25 21 18 18 15 10 16 19 19 22 15 22 14 14 22 10 20 23 13 10 23 24 14 13 16 21 18 23 13 17 16 16 22 17 11 13 16 10 12 20
16 14 18 23 12 16 15 22 12 20 10 20 11 11 24 24 18 16 10 19 17 10 23 22 16 10 23 15 19 13 13 19 18 19 12 12 15 10 18 16 16 21 21 17 11 12 23 10 12 23 24 22 21 11 11 17 13 15 10 20 21 21 15 21 20 24 24 17 24 15 22
15 17 10 21 18 16 22 13 23 18 25 17 14 13 18 10 15 17 24 23 22 20 12 19 21 11 23 19 12 18 20 17 16 15 14 21 22 11 23 12 18 18 25 17 18 12 22 14 15 19 18 12 24 12 22 16 24 15 24 24 14 21 13 22 13 11 12 15 19 15 18
11 15 25 25 15 21 13 20 25 21 13 14 18 11 18 19 23 13 11 23 23 22 13 12 19 21 14 25 18 18 15 20 23 17 17 20 19 16 25 20 18 16 23 14 22 11 14 13 18 12 12 22 10 21 25 19 24 22 17 24 19 18 18 16 19 19 10 18 19 16 11
19 15 18 17 12 19 11 25 20 22 20 18 25 24 12 13 13 10 22 20 24 10 15 17 16 17 22 24 18 22 14 24 24 16 16 13 24 21 24 21 25 22 18 19 15 21 20 17 11 25 21 25 24 13 10 24 19 13 20 10 21 23 20 24 10 19 15 13 12 22 16
17 16 21 14 21 19 17 13 18 22 16 24 15 12 20 14 21 23 12 24 12 11 12 14 14 15 13 13 18 23 17 12 23 14 23 19 11 16 25 15 17 11 18 19 22 25 20 19 13 19 21 21 17 18 19 19 20 14 19 13 23 19 13 10 18 20 24 20 10 15 10
21 19 10 16 14 10 11 23 16 23 18 13 11 11 11 17 17 12 12 19 18 10 12 20 25 13 12 23 10 15 13 25 20 24 21 12 14 11 24 23 19 14 11 17 22 24 21 21 17 10 19 17 24 17 12 17 14 25 24 18 25 10 10 25 10 18 20 10 14 17 18
14 13 17 14 21 24 20 16 18 17 17 11 17 22 15 16 22 19 14 19 21 24 12 11 14 25 15 16 14 21 23 14 21 20 15 10 14 24 25 25 20 24 10 14 19 10 22 22 22 25 13 21 18 25 12 24 15 13 21 10 23 18 15 11 20 24 15 24 20 25 12
25 18 23 16 17 10 10 22 22 22 20 14 13 23 13 15 25 19 17 13 23 25 10 18 21 25 23 16 17 14 22 20 17 21 14 23 24 17 16 11 17 12 25 24 20 23 16 14 13 15 24 21 20 19 10 18 13 18 11 17 11 16 10 11 20 24 11 15 17 17 22
21 20 12 23 12 14 21 10 18 18 13 18 11 15 18 17 17 20 24 21 21 17 16 14 16 22 17 13 22 25 22 21 20 15 24 23 15 17 16 21 14 12 24 19 14 11 17 18 17 19 12 11 17 12 21 19 23 19 11 18 13 14 11 25 21 18 18 16 12 24 12
10 18 23 15 20 25 17 12 15 17 22 15 18 15 20 16 17 16 11 25 14 24 10 11 18 25 13 17 10 12 25 19 17 19 20 23 24 18 24 10 24 13 11 23 24 23 22 18 11 19 18 13 24 14 20 25 18 12 21 24 21 23 14 11 17 10 14 23 13 10 22
16 24 25 11 14 12 16 25 21 17 23 10 25 22 17 12 15 19 19 15 13 15 23 21 14 15 13 23 14 18 11 10 22 21 17 16 10 19 20 25 18 17 25 24 23 10 10 24 13 14 17 12 22 11 23 21 18 21 17 13 21 10 23 23 17 10 12 22 20 19 10
15 17 23 10 14 18 24 13 20 19 19 20 15 13 13 14 15 12 10 25 13 13 17 18 19 21 13 17 12 24 12 19 18 11 23 13 24 19 15 21 22 22 12 18 12 10 14 21 20 20 23 10 19 17 20 14 10 14 23 21 25 23 22 19 14 11 10 17 23 21 13
13 22 11 12 23 13 14 18 10 21 19 25 19 15 14 11 22 15 24 22 14 14 11 16 18 25 23 18 14 10 24 24 14 20 16 21 20 23 16 10 24 24 21 13 10 11 12 22 18 25 12 19 10 21 11 16 23 22 12 25 13 24 15 25 14 17 10 21 22 23 23
14 15 11 22 21 23 19 13 15 19 12 24 10 16 24 25 15 15 15 12 17 10 13 24 13 19 15 22 20 15 10 16 25 12 17 24 23 18 23 20 24 19 19 22 24 20 18 19 17 15 14 21 16 18 15 19 19 10 24 11 22 22 25 18 24 18 20 24 14 12 20
20 20 20 15 25 25 20 19 15 13 19 14 14 20 14 16 16 14 16 12 13 11 13 21 21 15 13 12 17 23 12 21 11 12 18 20 21 20 11 11 22 18 24 17 15 15 15 16 15 13 24 20 20 15 11 10 15 19 21 21 12 17 23 13 24 21 11 18 16 14 16
20 22 19 10 23 18 22 14 17 19 12 14 16 23 20 10 25 21 25 17 25 21 11 17 10 11 22 17 11 21 14 15 11 18 17 20 15 22 13 18 10 25 17 22 22 24 24 14 25 23 19 22 19 10 19 15 18 10 15 24 25 11 23 25 24 17 14 12 21 17 20
21 18 20 18 13 17 16 25 14 18 16 18 13 19 14 10 10 19 16 14 16 23 17 13 25 16 14 14 24 17 21 14 15 21 23 24 15 23 18 17 25 10 16 25 18 20 24 23 21 10 17 20 11 19 13 16 14 14 12 24 21 14 25 16 11 20 13 11 18 10 11
10 19 19 21 20 10 11 20 14 13 21 25 14 25 23 22 17 10 15 17 17 14 17 12 14 10 11 24 18 17 23 23 10 22 19 21 19 13 22 22 25 14 23 12 20 24 15 17 15 15 19 24 20 16 11 22 19 22 10 23 17 16 12 15 12 21 12 23 20 21 23
12 18 25 13 17 20 19 25 14 10 12 25 25 12 22 15 25 18 12 23 19 23 22 21 17 16 17 24 19 11 24 24 16 21 19 17 16 24 18 21 11 12 14 25 20 20 21 14 16 11 20 25 14 21 24 11 20 20 23 22 19 22 13 23 15 13 11 19 12 22 19
13 21 19 23 10 20 24 21 12 18 13 12 17 21 23 14 20 14 13 20 21 18 21 12 12 14 14 11 20 16 16 11 25 20 21 18 24 22 14 23 18 10 18 21 16 23 15 20 13 24 17 17 17 23 19 19 14 14 25 23 13 23 14 22 12 18 21 13 13 19 18
23 25 23 17 16 11 16 23 24 14 18 14 12 15 20 14 16 22 25 11 25 16 17 23 21 13 12 24 12 16 11 21 20 10 24 21 24 20 25 16 15 11 25 10 15 21 25 10 14 22 16 13 16 16 13 20 22 13 20 25 11 13 24 12 10 24 23 20 17 17 21
23 17 15 19 14 16 20 17 15 25 22 14 20 15 10 21 17 20 19 19 18 21 16 11 14 24 21 12 11 24 13 24 13 13 14 13 23 23 19 22 24 22 15 20 15 13 21 15 21 20 24 15 23 13 11 20 22 16 15 15 22 14 25 23 13 23 21 23 21 20 11
20 16 16 21 24 24 23 19 11 13 22 19 10 23 19 18 10 17 22 13 19 22 19 18 17 18 23 18 22 14 23 10 14 24 14 24 12 20 21 25 10 22 16 13 17 22 17 22 23 19 22 23 20 21 14 16 17 10 16 23 17 10 24 23 18 14 18 18 18 24 16
21 24 23 20 24 24 15 18 22 15 14 13 10 11 19 12 17 21 18 18 22 17 19 23 17 14 23 24 14 23 22 10 25 25 19 20 11 24 14 13 25 13 20 24 21 25 14 14 12 24 25 15 20 15 16 18 18 14 11 19 10 22 25 24 22 11 25 15 23 15 18
25 12 10 13 25 25 11 19 15 23 13 12 21 15 22 10 18 23 21 23 10 10 17 25 22 17 25 24 20 20 25 20 25 13 11 14 25 10 13 20 14 12 18 10 15 25 20 11 21 16 24 18 20 14 20 12 15 20 23 21 14 20 11 21 11 16 13 21 17 24 20
22 14 20 17 19 11 24 17 16 22 10 15 11 12 21 15 11 25 20 18 22 23 10 20 17 10 20 24 12 24 10 18 17 21 22 18 16 17 16 13 23 19 16 10 17 21 11 14 21 20 15 11 15 24 18 18 22 13 18 11 10 19 10 25 19 15 25 13 11 13 21
10 14 12 24 16 22 25 25 14 20 17 14 10 21 11 10 18 10 24 21 24 17 17 20 18 19 25 22 12 11 25 23 11 14 19 18 15 20 21 15 23 12 10 19 18 13 19 22 10 12 12 16 24 13 15 11 11 20 14 13 12 19 18 25 17 24 10 11 24 11 14
22 12 24 25 19 18 22 16 21 24 20 23 19 12 11 13 25 10 20 21 23 25 10 20 15 18 24 21 14 12 15 21 22 25 15 21 24 15 24 12 23 13 10 25 10 17 23 10 14 20 18 24 25 15 20 11 23 25 11 20 18 23 17 17 10 19 19 24 22 19 11
24 25 22 22 15 18 11 12 12 25 13 23 11 13 25 17 23 20 19 22 21 16 10 25 16 11 22 25 12 12 20 16 19 20 13 18 20 18 22 24 21 25 23 18 24 23 24 18 11 25 23 12 13 17 23 14 12 10 12 20 20 25 17 18 20 14 23 19 12 16 10
15 22 22 22 16 17 14 12 10 12 21 21 22 12 24 15 18 23 11 10 21 10 16 14 12 23 21 22 20 10 14 22 23 14 25 13 21 16 25 19 17 10 18 18 11 21 13 23 25 13 16 15 24 23 19 13 10 20 17 19 20 18 20 11 17 18 10 20 17 22 21
12 15 25 18 20 11 13 20 10 12 12 10 23 21 16 19 11 22 16 14 23 19 19 14 17 22 24 17 14 10 25 19 24 19 17 15 23 25 24 12 18 17 22 19 12 14 19 19 16 22 10 24 18 12 13 18 15 15 14 23 16 19 13 21 11 22 23 15 17 19 21
12 13 11 12 24 11 24 21 14 10 18 14 22 13 11 23 11 17 15 25 15 23 14 18 14 12 24 16 12 22 17 14 15 19 17 23 24 16 19 20 21 14 18 20 17 22 19 16 20 13 19 21 21 24 24 15 13 24 17 10 18 14 21 10 23 18 18 18 20 20 10
10 10 19 16 24 12 25 11 23 23 11 12 20 20 15 15 15 20 10 23 19 21 22 14 16 23 18 14 17 17 14 16 17 18 14 20 22 17 23 24 11 18 19 11 12 22 19 10 10 10 21 15 14 17 15 14 12 18 25 11 14 15 15 21 22 13 23 21 24 21 24
12 10 10 20 13 21 17 12 16 13 25 17 18 15 25 19 23 17 11 25 21 14 11 13 25 18 15 16 25 21 16 15 16 16 15 16 17 13 17 10 20 10 21 17 17 18 11 18 14 20 19 15 15 21 18 13 17 21 18 13 23 14 10 20 10 16 14 18 17 24 10
24 16 11 13 16 10 15 19 22 24 18 15 21 16 12 15 25 22 14 18 18 21 16 19 16 11 21 18 10 24 14 20 23 12 23 19 11 23 14 21 11 20 17 25 18 19 25 25 12 18 25 18 25 19 20 24 13 25 22 15 21 22 25 21 16 21 21 10 19 11 14
25 20 11 12 14 12 25 20 18 18 13 13 22 22 25 19 23 18 19 22 11 24 25 18 22 25 18 23 22 11 13 18 13 20 15 20 25 18 17 10 10 21 10 17 13 15 12 25 22 22 18 19 12 15 10 12 16 23 21 25 21 20 10 18 16 25 25 14 17 21 11
10 18 24 16 14 15 18 12 10 25 10 12 15 16 20 17 21 22 21 18 16 22 14 25 10 13 15 22 17 11 19 17 24 18 19 20 22 20 12 16 25 24 21 18 16 24 10 21 24 16 25 20 18 15 22 23 16 10 10 22 12 10 20 24 18 23 18 10 16 17 13
22 25 22 20 17 10 20 19 14 13 23 16 11 22 14 14 24 18 20 21 11 25 20 14 14 19 12 24 17 12 25 13 18 15 24 13 19 25 19 18 21 15 16 18 24 10 17 17 10 13 20 13 10 10 17 25 17 20 25 13 18 16 15 11 19 10 21 12 24 18 19
19 10 16 15 12 11 16 25 24 17 24 22 19 22 15 19 19 13 14 16 10 10 23 10 14 22 15 22 19 14 12 18 12 13 17 16 17 13 17 10 20 25 19 14 25 23 24 23 13 17 12 21 12 10 16 16 21 10 14 11 13 18 19 18 16 20 13 18 24 20 23
10 23 14 12 13 15 14 16 11 12 21 20 16 24 13 18 14 24 23 17 21 14 21 12 17 12 19 16 22 21 25 16 20 23 15 25 10 25 11 18 12 17 23 21 19 23 25 18 12 12 22 13 13 18 18 12 24 20 18 14 25 14 10 23 10 25 14 19 17 20 10
