21 30 
5 13 7 13 7 15 8 13 9 7 14 14 11 13 15 7 10 12 6 13 14 13 9 6 6 6 5 9 12 14
10 14 5 5 12 15 7 15 7 5 6 9 6 14 8 12 13 11 15 7 12 6 5 5 5 12 8 8 10 15 8
13 14 5 11 11 13 6 8 15 14 13 5 13 11 13 10 12 12 10 6 13 7 13 6 15 7 6 14 8 10 6
15 9 11 15 8 5 5 12 5 11 13 15 14 6 8 8 6 11 8 8 14 5 12 6 15 6 12 9 14 6 8
12 14 9 15 14 15 13 6 11 14 13 12 5 15 14 13 10 14 6 7 10 6 13 6 5 11 12 9 10 14 9
13 5 5 13 12 9 13 13 11 6 5 10 5 7 6 14 9 13 8 6 7 8 8 12 10 10 8 9 8 12 9
10 6 8 9 5 14 10 15 8 14 15 9 7 6 13 10 13 8 7 14 11 7 15 10 12 15 13 12 7 15 10
12 12 10 13 13 12 15 14 10 12 8 13 13 9 15 15 15 13 14 15 13 5 12 9 7 14 9 5 15 13 12
5 12 11 5 6 9 9 13 12 15 6 5 14 11 6 9 12 11 12 12 15 13 6 12 13 9 10 12 13 15 13
13 9 8 11 11 11 12 8 6 15 5 12 7 15 13 8 12 8 6 5 7 14 10 12 7 5 9 7 9 15 14
6 12 9 8 7 14 5 10 12 11 13 5 13 6 12 5 14 14 11 7 9 7 13 13 8 12 5 13 10 14 14
7 13 12 14 10 10 13 7 8 12 15 5 10 6 6 9 12 15 14 15 15 9 13 12 11 15 10 14 8 11 14
12 12 11 7 13 5 11 6 14 8 15 7 7 14 11 6 7 9 14 6 13 10 13 6 15 8 14 8 9 8 6
11 15 7 14 5 15 15 15 13 10 12 8 6 10 14 13 9 7 10 11 6 13 7 14 12 13 7 8 6 6 7
8 6 12 11 8 5 10 12 10 6 5 11 10 8 9 8 13 12 10 14 6 9 13 14 10 9 7 12 15 8 8
12 6 8 15 15 15 12 7 5 14 15 7 14 15 12 13 11 15 9 14 5 7 6 12 8 12 6 15 14 6 9
9 9 7 10 13 13 14 13 12 12 15 15 5 11 12 6 5 12 7 10 9 9 7 10 6 6 11 6 8 7 6
14 15 13 11 5 10 10 9 7 9 8 6 11 10 11 10 14 14 8 7 8 14 11 6 9 9 6 13 9 6 8
12 8 9 15 11 6 14 10 10 12 8 10 15 10 12 12 7 6 5 15 7 14 10 12 13 15 5 15 10 8 15
9 8 8 5 12 11 8 8 8 8 8 15 9 7 13 13 13 7 12 7 14 15 14 13 9 6 5 5 11 7 5
15 14 5 6 15 13 5 9 10 12 9 9 10 11 15 7 15 13 7 13 10 6 5 15 5 5 10 9 5 6 8
10 6 14 11 6 10 11 15 14 15 15 15 5 14 12 10 12 9 13 9 5 5 10 8 12 15 15 13 6 11 12
