31 50 
10 19 17 13 20 25 24 19 18 19 19 20 14 25 13 16 12 22 19 21 18 15 18 23 14 11 23 11 14 19 22 24 21 15 15 22 16 24 19 17 23 13 24 22 23 20 19 18 25 13
23 11 12 16 23 10 12 14 13 21 11 18 11 25 10 19 23 16 13 15 16 11 21 24 13 22 14 16 18 23 16 20 23 20 19 21 12 18 15 12 10 21 11 14 12 19 14 17 10 20 22
19 14 23 13 16 13 21 24 17 16 15 21 24 17 18 21 20 21 22 15 16 24 23 16 21 17 10 25 15 19 11 22 12 23 18 21 24 16 13 17 19 17 22 14 19 19 25 23 17 15 16
19 24 23 20 24 11 24 12 23 14 13 19 15 19 23 21 22 18 24 14 13 20 10 21 24 17 14 17 24 17 20 23 12 17 16 11 25 12 23 21 11 13 18 11 25 23 21 10 10 25 23
15 19 16 22 23 22 15 11 24 19 22 15 16 11 21 19 15 14 20 23 14 25 25 20 10 10 10 13 22 20 10 25 12 14 18 17 16 19 24 12 12 11 21 14 21 23 18 13 12 19 13
17 18 15 12 23 18 20 12 12 13 15 15 24 16 24 12 14 11 16 19 10 10 10 23 12 18 24 19 16 21 11 12 25 14 14 21 15 21 16 22 13 15 13 13 25 14 12 15 20 14 17
25 21 15 14 19 11 23 23 11 11 16 13 13 15 12 15 12 24 14 13 24 14 15 24 23 18 17 15 20 18 19 18 24 17 15 20 18 22 24 20 25 17 19 21 23 15 19 25 13 25 16
23 14 11 18 10 19 13 25 10 17 23 20 12 22 12 11 25 12 10 23 14 23 25 12 21 24 18 14 15 16 10 23 14 11 23 19 24 13 16 25 10 25 24 21 19 20 10 14 11 13 11
19 21 18 22 19 12 24 23 24 16 11 13 19 20 10 10 23 23 11 12 24 20 11 15 15 24 19 13 12 23 21 14 10 16 13 16 24 25 23 16 23 10 14 23 10 17 25 24 14 17 12
18 12 20 13 15 25 17 15 13 20 11 25 10 19 23 24 14 14 24 17 19 19 19 18 10 21 19 24 22 20 22 23 13 19 23 13 18 20 11 11 17 22 17 16 15 16 18 16 20 17 10
19 16 19 22 17 14 24 22 13 18 22 24 21 17 15 13 23 20 13 16 18 18 20 18 21 24 20 15 21 25 17 16 15 10 17 14 19 20 15 18 14 17 24 15 11 10 24 21 17 21 12
18 25 12 10 22 14 17 17 13 25 21 12 10 13 11 20 25 10 17 10 15 15 22 23 25 15 23 24 10 25 18 14 11 10 23 19 15 11 13 24 23 10 24 25 12 11 25 19 13 17 17
16 22 21 13 16 19 17 12 11 22 21 20 21 21 12 21 24 22 11 15 18 23 10 19 10 14 11 19 10 19 12 18 10 12 25 11 12 20 12 19 24 11 23 17 21 13 14 24 22 25 25
25 25 16 18 12 10 24 16 14 16 24 12 10 14 16 13 13 23 16 15 14 17 21 10 18 23 14 15 21 10 24 10 17 14 12 17 13 21 14 24 25 18 19 24 21 17 20 21 11 15 12
18 12 21 24 15 20 16 20 12 13 16 13 19 25 17 18 14 20 22 24 23 11 21 21 10 16 20 21 18 20 25 15 19 13 22 14 11 25 16 20 20 12 16 21 21 22 12 24 23 13 14
21 16 24 13 14 22 15 18 25 21 17 21 14 11 21 19 15 13 21 20 13 19 22 22 20 14 15 22 25 11 12 15 20 24 20 24 17 23 20 17 20 18 12 11 22 10 24 25 22 12 24
21 12 20 25 25 16 17 10 20 15 21 20 18 13 19 11 24 22 25 23 17 24 18 14 15 16 13 25 15 10 16 15 23 20 21 17 22 15 23 10 11 13 12 11 16 15 12 13 18 22 13
10 23 15 21 10 22 13 25 16 23 19 23 14 20 25 21 20 16 23 10 21 25 20 19 23 22 11 24 17 18 11 21 13 21 14 23 21 13 22 24 21 13 12 20 21 15 14 23 13 14 13
17 17 11 22 18 23 12 17 10 19 23 16 23 10 17 22 23 24 19 21 12 19 13 10 15 12 13 14 15 21 24 16 10 10 10 18 17 22 10 17 16 10 16 15 18 15 25 13 10 12 17
25 17 19 21 25 17 25 20 17 24 12 10 24 23 19 23 15 24 25 15 20 22 16 24 17 10 10 10 16 24 10 22 24 25 16 21 12 22 18 20 19 19 16 19 21 12 25 20 25 16 10
14 19 22 13 25 12 21 15 22 21 10 18 14 20 20 18 13 23 25 14 24 15 11 20 25 23 21 18 13 18 16 15 19 13 22 16 11 11 13 13 11 10 15 14 22 10 11 17 20 24 24
16 17 15 19 22 25 20 17 13 17 17 23 10 13 10 11 25 19 20 21 24 17 14 21 12 19 22 15 11 21 17 14 25 16 11 13 11 19 13 17 18 16 25 15 16 20 21 23 13 12 22
22 14 11 19 22 19 13 23 16 16 25 11 18 15 18 12 16 13 12 13 21 10 19 17 13 20 15 21 19 10 25 11 13 14 20 21 16 18 15 13 22 16 17 10 15 25 20 10 18 10 18
22 23 12 10 20 16 15 15 10 16 11 11 24 24 23 20 12 12 21 18 12 20 22 13 19 15 17 16 16 24 22 13 20 14 20 20 22 15 13 12 24 16 23 24 11 19 21 10 14 17 18
18 15 20 23 22 11 12 16 15 22 20 20 20 12 19 15 22 17 16 21 25 24 13 23 14 13 23 22 22 22 17 15 16 23 25 11 12 15 14 10 13 13 11 24 15 21 17 25 11 13 20
25 23 23 23 25 16 15 21 18 25 13 23 17 24 18 11 23 10 18 24 22 23 22 25 20 11 25 23 25 25 23 14 18 12 25 17 22 23 25 10 23 24 25 17 19 24 18 11 17 10 17
10 22 18 23 21 17 12 16 24 19 16 19 19 11 19 21 22 25 20 10 13 17 12 12 23 20 23 11 25 17 24 24 17 11 15 25 21 16 16 24 23 15 17 11 18 18 10 23 20 25 12
14 18 11 16 17 17 13 22 15 16 19 19 24 15 10 25 23 21 24 20 22 13 17 21 25 14 16 23 13 10 14 25 14 15 19 22 24 23 15 17 12 20 23 13 16 20 22 25 25 21 23
23 25 14 19 17 20 11 13 15 22 10 17 12 11 25 14 23 14 23 14 13 23 24 22 22 23 12 14 12 15 24 24 21 16 14 24 25 24 13 25 19 23 25 20 22 12 14 16 17 13 13
16 20 11 16 19 15 23 14 21 23 24 18 20 10 23 22 19 19 15 17 25 24 16 19 12 10 18 20 12 25 21 25 16 19 14 23 12 10 23 12 17 19 11 11 11 25 23 18 20 14 24
19 16 24 24 16 22 20 19 13 21 22 22 15 20 16 24 13 16 12 21 16 13 15 18 11 12 14 21 10 16 22 22 10 12 11 12 17 22 19 11 22 17 10 15 23 20 15 23 17 21 22
12 23 22 16 15 15 15 20 15 21 14 16 12 12 21 17 13 10 23 24 24 21 22 16 11 10 15 20 21 19 23 16 16 19 22 11 11 16 17 21 20 12 18 13 23 16 12 15 11 18 24
