13 30 
10 8 13 10 5 10 7 15 13 7 8 13 7 11 9 6 8 12 11 7 10 15 13 7 11 13 6 8 13 13
6 15 12 9 10 14 6 9 10 5 9 6 9 13 12 14 6 14 15 6 7 13 15 15 14 14 10 11 9 9 158.5
14 14 15 7 14 5 13 14 6 8 9 13 8 7 7 13 7 11 10 9 11 7 13 9 8 13 5 13 10 9 151
9 14 14 11 15 8 14 15 12 12 11 5 5 7 11 13 9 8 15 15 15 7 8 7 13 8 10 9 14 12 163
6 11 14 12 13 7 13 7 8 5 5 14 10 10 11 6 12 14 6 7 15 6 8 7 8 5 11 10 7 11 139.5
15 7 14 5 9 5 6 6 9 10 11 8 11 8 12 14 9 5 5 9 14 11 6 8 14 13 6 9 7 10 138
10 12 12 11 5 12 8 9 7 14 5 5 8 13 7 11 8 7 13 12 13 13 7 15 10 6 13 5 8 9 144
7 14 15 15 12 10 6 12 6 8 9 12 15 11 8 7 9 15 14 10 11 5 5 13 5 12 11 5 14 8 152
9 8 11 5 15 15 15 9 7 14 11 12 6 5 14 13 9 6 13 15 8 14 10 8 8 8 14 13 7 12 157
15 7 10 15 15 10 11 5 14 14 7 8 11 15 14 11 8 8 13 10 9 9 14 7 12 15 6 5 5 12 157.5
8 10 5 15 11 13 7 9 5 10 12 10 15 5 7 15 9 10 9 5 5 5 14 13 5 6 6 5 13 11 136.5
13 14 12 11 12 7 9 8 14 5 15 14 6 12 6 8 7 6 8 10 10 6 14 6 12 14 14 13 15 11 156
10 5 12 9 13 11 14 6 13 15 6 5 5 11 8 8 11 8 7 12 7 10 6 7 9 7 13 6 6 14 137
15 9 11 9 15 9 12 6 13 13 12 9 15 12 10 9 9 6 11 7 7 9 10 15 11 10 8 14 15 12 161.5
