57 70 
18 18 23 25 16 11 16 14 19 17 24 25 18 15 18 24 15 17 12 20 19 16 14 25 15 17 13 20 14 25 13 19 25 11 21 16 20 19 20 16 21 24 11 24 11 16 10 12 21 22 18 18 24 24 23 11 18 24 14 24 19 22 21 20 11 23 13 19 18 13
25 21 18 25 23 16 11 13 17 11 12 23 22 23 13 17 22 19 15 18 17 23 25 18 14 21 24 18 13 21 24 10 11 10 21 25 12 13 21 17 13 25 11 15 18 13 17 14 25 20 21 25 25 15 11 17 13 18 11 22 12 17 24 20 14 23 19 11 10 20 620.5
18 10 15 25 19 15 16 14 11 18 19 15 25 16 19 24 16 25 10 19 16 19 24 19 10 17 18 17 16 17 23 10 20 12 18 22 13 22 19 23 19 12 17 21 12 16 14 10 25 17 12 20 15 11 18 19 20 13 19 18 18 20 18 19 25 23 22 12 17 16 611
20 11 17 14 21 23 22 11 11 16 10 17 19 19 19 23 23 17 20 17 17 15 25 21 10 16 16 14 25 11 25 15 14 24 16 18 24 15 23 25 13 23 19 16 15 20 11 13 12 23 13 25 25 15 25 10 21 13 15 25 16 24 19 13 12 19 21 20 17 14 623
21 25 17 13 19 17 13 25 14 22 12 13 18 17 19 19 19 14 16 16 11 20 19 12 18 15 21 18 15 21 24 23 10 16 14 19 14 20 10 19 19 25 21 25 12 17 14 17 11 16 12 10 22 13 11 23 13 13 19 17 10 10 11 15 22 23 18 24 21 15 593.5
20 19 16 25 10 22 23 13 20 11 16 20 19 22 13 23 22 16 19 24 13 17 24 18 22 11 24 24 25 17 23 15 10 13 12 16 13 17 11 14 21 15 22 14 20 12 12 13 14 20 18 20 17 10 23 18 12 16 24 10 16 24 24 13 16 14 17 12 20 11 605
13 16 15 13 14 22 22 16 22 11 10 18 23 10 13 10 10 16 19 16 18 23 11 13 13 12 10 21 12 13 21 18 22 13 16 13 21 21 25 17 17 19 17 12 21 12 19 21 14 14 21 19 20 20 25 18 23 10 11 24 21 15 23 19 14 10 24 23 14 15 588.5
20 20 12 23 13 21 11 20 15 18 23 14 15 15 21 18 18 13 12 20 10 17 12 17 10 13 18 11 20 18 18 19 19 20 14 23 16 13 14 25 15 12 15 20 22 17 16 19 12 13 19 15 12 21 19 12 15 15 17 18 10 14 20 21 21 13 25 19 15 13 582
11 20 15 24 15 18 12 21 20 11 17 20 12 24 21 10 24 13 18 16 11 22 10 13 16 14 14 16 13 12 10 18 18 20 22 23 17 13 20 23 16 18 23 16 17 10 12 24 17 21 13 25 11 24 20 13 12 20 19 13 21 13 12 10 16 10 20 12 20 17 581
17 11 11 16 20 25 14 21 24 19 18 13 23 19 21 16 15 20 19 25 25 20 11 17 19 11 15 14 10 20 11 20 11 16 22 22 15 25 14 20 25 24 21 23 17 18 24 15 15 17 23 19 24 24 14 10 16 24 17 10 16 15 12 10 12 20 18 19 23 22 626
11 13 16 10 19 17 17 16 24 14 20 19 19 15 23 25 20 18 18 12 13 16 10 17 24 11 10 23 19 11 12 13 25 10 17 23 12 20 20 25 19 17 20 13 12 14 17 19 25 17 11 13 14 16 10 21 23 18 24 13 10 21 10 18 15 20 21 16 11 15 585
14 18 11 15 23 19 11 23 19 24 19 12 13 18 23 15 25 13 23 22 22 11 15 20 13 14 25 22 24 18 15 19 17 18 22 15 18 11 10 15 11 12 14 25 24 25 19 12 18 15 18 12 19 25 12 21 19 11 24 22 21 22 14 23 18 20 22 23 13 11 624.5
13 12 19 20 25 19 23 10 25 14 23 24 25 19 19 13 21 25 16 14 18 11 17 14 13 16 25 20 11 21 10 19 16 21 20 22 25 17 23 23 19 25 12 12 10 17 13 21 17 22 12 10 15 17 15 24 18 10 19 25 12 11 11 22 23 11 25 13 23 15 620
24 19 13 24 13 18 15 19 25 16 16 21 19 23 13 12 21 21 16 15 13 12 20 20 11 19 20 22 14 21 14 25 21 18 20 16 17 18 19 12 23 12 15 16 12 20 21 24 19 18 16 15 23 22 20 15 11 17 25 20 25 10 19 15 11 24 19 12 19 21 627
10 14 14 19 18 18 22 18 12 23 20 11 20 18 21 13 13 13 24 11 24 23 15 13 25 20 25 11 11 14 11 24 21 18 24 22 15 10 17 13 21 14 17 16 10 24 20 18 20 24 25 12 25 13 21 25 18 16 14 22 12 18 20 22 14 22 17 23 14 18 621.5
13 19 25 21 16 24 14 10 17 20 23 22 12 16 15 16 17 24 25 16 10 12 10 18 21 13 15 20 21 10 20 13 24 25 17 19 11 25 21 19 19 24 15 11 23 20 21 21 24 10 24 10 19 23 19 13 22 25 19 13 24 18 15 16 22 10 16 23 15 16 629.5
23 16 25 12 10 19 19 15 17 18 13 13 23 12 25 17 10 16 17 20 15 12 14 13 24 15 21 14 25 20 18 14 21 21 23 14 25 13 11 11 12 12 17 21 14 14 24 10 14 23 15 16 25 23 22 22 24 13 25 20 13 15 21 16 10 10 21 11 14 11 596
17 15 16 23 17 19 15 13 18 13 25 20 16 12 11 11 20 22 21 21 15 19 21 22 12 19 11 23 18 15 14 23 13 12 18 15 14 11 19 18 25 10 11 25 13 22 21 24 16 23 23 19 10 25 23 17 13 21 20 10 24 20 20 25 13 25 21 15 19 19 624.5
21 10 18 20 21 25 14 13 11 22 19 12 18 11 23 23 12 15 19 22 13 19 16 22 20 23 25 23 20 14 16 14 12 11 24 11 24 14 13 11 12 14 18 19 24 25 14 22 20 15 14 21 11 21 10 16 19 12 25 21 25 21 15 15 17 25 15 16 16 21 616.5
11 12 19 24 17 24 21 22 18 20 17 18 24 23 22 23 21 17 11 19 16 25 24 12 10 12 15 25 23 21 19 13 25 13 22 20 22 25 21 17 19 12 22 18 17 19 16 22 19 21 22 18 25 21 10 17 23 13 11 12 13 13 20 11 18 12 24 11 22 18 641
13 19 12 14 20 13 18 25 16 12 15 11 17 18 21 25 18 24 18 14 15 22 20 20 25 25 17 20 25 17 22 14 25 13 14 13 18 19 10 24 20 14 14 21 16 20 22 18 12 14 13 17 14 19 16 24 10 10 10 22 13 23 18 23 14 16 24 16 16 18 614
23 21 15 10 10 10 25 13 21 21 19 10 14 12 25 24 25 24 12 17 17 20 12 23 13 19 22 12 16 10 14 18 11 19 10 18 22 13 22 20 24 12 17 13 23 13 10 22 16 16 21 24 18 12 20 11 17 12 23 19 11 14 11 10 17 18 16 20 11 18 585.5
14 13 13 11 20 14 10 11 11 20 16 12 12 18 20 24 20 21 25 21 14 16 14 23 12 21 18 10 23 24 24 14 20 12 21 24 24 15 14 23 15 10 25 15 17 14 12 11 16 18 15 23 12 11 19 12 23 11 16 14 17 24 25 25 24 19 18 16 18 24 605.5
13 23 10 23 13 16 11 18 16 19 10 23 21 10 18 19 22 22 22 25 17 25 15 22 24 21 21 17 17 21 16 16 13 14 16 23 16 21 21 17 12 14 10 25 19 22 14 20 23 24 11 19 14 11 23 17 16 21 10 19 24 20 25 24 12 15 18 11 15 20 627.5
16 20 18 19 22 18 24 16 14 24 10 23 11 18 25 18 12 11 23 10 18 14 17 25 14 16 24 15 12 14 20 22 25 17 11 17 11 13 13 21 21 15 23 11 19 24 15 24 24 23 15 24 19 16 13 23 24 16 15 23 20 12 12 17 14 10 15 11 14 11 607
13 19 25 12 16 23 18 23 16 13 18 11 20 24 17 15 10 22 16 16 23 20 20 18 19 21 24 17 21 24 22 23 15 17 11 19 14 10 13 18 18 13 12 13 15 25 25 12 24 13 13 15 16 21 15 13 18 20 10 20 15 14 15 23 17 11 24 24 14 15 609.5
23 21 22 16 15 18 20 16 16 13 11 14 14 12 11 22 18 17 20 11 14 13 11 20 14 19 21 17 16 18 20 23 22 25 11 19 11 25 21 16 21 12 23 13 17 16 13 14 20 21 23 13 22 20 24 18 11 24 14 25 12 17 21 17 10 13 23 22 10 19 607
25 24 16 25 21 17 23 16 23 12 17 12 25 21 14 10 22 19 16 13 12 14 18 24 22 17 17 19 24 25 15 19 24 21 17 20 25 16 17 25 21 10 21 22 20 23 21 15 13 23 18 25 13 10 20 14 24 24 19 10 18 11 24 17 21 13 12 23 17 14 649
13 20 10 20 20 22 16 21 12 17 17 14 11 10 25 16 19 25 13 12 16 13 12 13 22 13 19 15 12 15 17 23 22 22 20 18 10 10 19 17 11 24 14 22 10 13 16 24 21 21 16 23 21 24 10 10 18 16 22 13 25 13 10 10 10 16 19 12 18 21 582
15 12 17 24 22 10 14 10 21 18 20 21 22 18 17 16 22 25 10 16 11 16 23 18 24 19 21 23 11 11 15 25 17 14 21 11 15 25 17 20 20 11 17 20 21 11 20 20 25 10 19 16 19 15 17 24 16 11 15 21 18 21 12 15 18 23 19 22 13 19 617.5
14 15 19 12 22 25 24 13 22 21 25 24 15 18 23 21 21 19 16 15 22 17 21 15 16 19 14 10 18 22 23 11 12 20 15 21 24 22 15 25 12 23 17 25 12 22 18 25 11 12 20 21 14 25 14 23 24 24 16 10 16 15 14 15 13 14 11 25 23 19 639.5
10 13 14 17 25 12 18 13 18 15 24 12 20 12 18 16 14 12 18 18 22 16 21 14 25 18 13 17 11 23 21 25 19 17 16 20 13 20 21 11 25 18 14 22 24 20 24 23 23 12 13 18 16 25 12 14 16 24 23 18 21 16 21 14 15 11 23 17 11 20 617.5
15 22 20 15 23 16 25 20 10 15 12 10 21 11 19 14 14 23 19 14 14 10 23 23 17 15 24 13 24 10 23 19 24 25 25 22 14 21 25 20 15 16 20 20 10 10 14 17 15 10 17 11 25 25 24 22 17 11 20 14 18 22 17 18 23 19 18 12 12 24 622.5
16 22 18 13 14 20 12 20 21 20 21 10 16 20 17 20 12 11 10 22 12 22 19 11 12 23 21 25 15 10 18 13 14 22 17 22 25 25 13 21 20 18 10 17 18 10 10 13 19 10 23 21 12 11 19 16 14 20 24 25 13 11 16 14 24 13 21 10 15 13 587.5
11 13 25 24 12 18 12 20 20 23 22 13 18 18 23 10 21 12 13 14 20 12 11 25 21 21 21 14 15 10 16 16 13 22 18 13 11 19 21 21 13 15 11 22 19 10 18 16 18 11 10 21 23 13 24 12 12 17 23 14 16 13 13 19 19 21 21 22 12 18 589
19 11 19 21 20 24 11 10 13 21 25 17 24 14 18 24 18 13 22 12 10 13 12 11 19 11 10 22 18 18 18 20 21 17 22 14 18 25 25 21 19 12 13 15 13 14 20 14 15 17 20 21 19 17 10 11 17 18 20 14 24 17 15 23 24 25 25 25 23 11 616
19 22 18 13 24 15 15 17 19 15 25 14 11 17 19 12 15 10 19 17 19 11 25 18 10 24 16 23 18 10 12 17 22 16 15 11 14 18 14 20 11 23 15 24 22 23 12 12 18 25 13 21 17 10 15 22 23 23 15 13 18 24 10 13 24 21 23 14 25 21 609.5
25 21 16 18 11 12 10 16 16 15 17 18 11 18 16 16 13 19 19 11 20 10 10 20 20 23 23 19 12 11 22 22 10 24 23 14 10 11 16 12 22 16 15 20 12 13 24 20 13 19 15 15 23 16 14 12 23 16 14 19 22 24 15 10 14 22 18 15 21 19 585.5
11 14 23 23 14 11 22 19 20 10 23 23 17 18 25 22 13 25 22 21 16 14 21 25 24 18 17 16 25 15 21 13 18 11 10 19 15 16 22 11 24 23 10 24 11 12 21 19 18 19 11 19 18 24 14 22 21 25 23 19 19 17 16 17 17 12 19 15 18 14 632
10 16 11 15 13 21 18 12 16 11 21 19 23 24 21 15 19 12 23 13 16 17 22 23 10 20 23 10 13 14 25 11 10 20 12 13 19 24 16 17 12 23 12 21 14 16 11 24 10 25 19 16 12 11 15 20 23 19 21 15 25 13 22 19 21 25 19 16 18 23 604
19 14 14 25 16 15 15 10 11 18 15 14 20 24 11 12 15 18 13 24 15 12 15 16 17 22 13 24 14 25 12 24 15 17 20 13 22 20 22 18 25 12 18 21 25 17 19 16 11 20 15 17 17 19 13 19 17 16 18 21 25 22 18 12 10 12 15 16 18 15 599
17 15 10 19 14 11 17 13 24 20 23 10 24 18 18 13 24 23 21 16 17 23 12 14 24 17 19 20 24 15 23 13 23 25 25 19 25 16 22 21 21 23 21 21 25 20 11 18 18 10 23 15 17 13 22 11 10 25 21 18 12 25 21 20 17 13 25 17 15 11 643
12 14 20 13 12 22 25 16 11 10 13 13 11 11 17 14 14 20 22 17 18 20 13 12 20 24 12 17 11 13 17 17 21 16 21 15 14 12 25 25 24 24 13 16 14 17 16 16 17 15 13 10 19 15 25 18 14 20 11 22 25 13 16 24 22 23 18 10 10 15 582.5
14 21 18 15 20 12 24 12 17 21 19 17 17 23 10 18 25 24 14 10 11 10 15 18 13 18 16 20 14 13 21 18 14 13 17 14 25 14 23 25 22 14 22 15 23 15 24 14 13 17 23 16 14 12 19 24 14 22 19 21 10 13 16 24 16 17 14 15 14 19 602
14 22 22 16 17 25 14 12 17 22 18 13 20 20 24 20 17 14 16 12 16 21 18 16 12 18 19 17 19 23 17 23 19 21 22 14 12 14 10 14 19 14 20 24 21 10 24 10 10 10 14 13 17 14 17 12 12 11 14 25 21 13 19 14 23 18 16 11 24 20 595
11 24 18 15 20 11 11 25 12 18 12 18 19 10 24 22 13 17 23 14 24 21 18 20 17 20 20 22 25 17 19 22 12 16 24 10 14 25 18 19 17 20 16 16 11 19 10 23 15 23 23 14 17 13 11 24 14 25 22 14 21 14 10 12 25 10 25 24 23 12 621.5
11 24 22 17 20 16 16 24 19 15 10 13 19 22 14 13 17 23 18 19 14 24 15 13 17 24 24 22 15 12 24 21 19 12 11 17 10 23 25 19 18 23 12 15 23 25 15 15 19 10 20 20 11 13 14 23 19 24 14 10 10 24 10 25 23 23 24 21 13 13 621
25 13 15 22 19 15 12 18 13 21 19 13 14 13 25 10 15 25 20 12 23 15 10 25 20 23 23 16 19 20 24 25 20 10 17 16 25 19 19 10 13 20 23 10 22 24 17 13 14 24 16 21 23 19 20 10 11 15 24 13 19 14 14 17 20 11 10 17 15 20 613.5
25 24 10 16 10 20 21 13 21 22 21 10 14 22 22 12 12 24 17 14 14 14 21 25 19 21 14 23 14 12 10 19 12 19 16 23 24 14 10 19 21 11 16 17 20 20 19 20 16 20 17 11 18 22 15 14 21 20 20 24 21 17 24 19 18 21 17 21 24 24 630.5
11 12 16 12 15 24 16 18 17 18 18 17 16 11 21 15 14 20 12 16 13 11 15 16 20 21 11 19 15 14 13 14 11 18 16 10 13 10 13 13 21 23 10 11 19 24 10 18 25 14 22 23 10 20 25 22 24 16 23 18 23 24 15 10 12 22 23 20 13 25 585
13 12 13 20 10 16 11 24 19 17 25 16 13 18 13 14 21 24 16 16 11 19 12 17 24 23 19 25 24 12 19 19 17 16 19 17 19 19 24 22 11 15 20 13 20 12 22 24 22 22 15 12 20 16 20 14 19 19 23 13 25 15 22 10 24 18 13 16 13 25 620.5
20 19 15 23 14 21 10 16 17 13 18 22 22 15 14 10 11 22 20 23 24 14 13 15 19 23 11 18 21 10 19 12 12 16 23 25 21 21 19 15 10 22 13 15 19 21 22 21 11 18 21 20 16 10 16 12 21 20 15 22 12 12 24 10 22 15 17 10 19 19 600.5
18 10 14 13 21 21 18 18 18 24 10 10 18 11 23 22 24 20 10 19 25 18 10 20 12 22 17 19 12 10 12 24 14 13 11 24 21 15 19 14 19 19 24 22 12 10 11 17 25 17 14 12 13 10 10 10 14 21 25 10 25 18 19 14 14 14 24 21 19 25 591
13 12 25 10 16 11 18 13 10 19 19 14 12 18 11 16 22 25 22 18 16 15 11 15 22 17 15 25 17 21 24 18 22 20 12 23 22 22 23 22 12 18 23 11 24 22 24 20 22 14 19 21 17 22 10 16 13 15 13 12 21 12 24 15 12 20 13 23 24 13 615.5
21 11 24 15 12 20 20 23 15 19 21 18 15 12 10 22 24 17 21 10 19 19 22 16 23 22 18 11 20 18 25 22 13 13 10 15 23 11 21 11 13 15 24 19 19 25 17 10 16 14 15 15 17 16 22 11 20 23 18 21 17 10 13 15 21 14 23 10 17 19 605.5
11 20 11 12 16 18 15 10 25 11 25 17 20 23 10 25 15 13 18 18 10 11 25 19 22 16 23 25 16 19 13 16 19 20 22 20 15 12 19 14 13 18 19 13 17 18 16 24 23 15 17 15 19 17 13 23 13 16 13 23 10 20 21 22 23 25 23 15 11 22 613
16 19 13 19 16 15 14 13 14 17 11 11 15 12 20 24 10 13 15 15 24 10 10 18 20 21 17 16 12 13 12 13 20 13 10 18 12 25 19 13 10 17 18 14 11 23 23 13 21 17 25 18 16 12 12 17 16 16 20 24 17 22 12 10 11 16 25 10 24 23 565.5
25 14 23 18 12 12 17 15 18 24 18 16 18 10 19 22 24 11 15 15 20 23 18 13 21 22 22 20 14 20 24 22 23 21 22 17 18 24 25 23 21 17 11 21 10 11 12 10 12 23 20 12 10 10 12 16 14 15 22 24 17 21 18 25 16 24 14 13 22 22 626.5
