31 50 
21 19 22 10 10 13 25 14 24 13 14 13 19 25 19 21 25 22 24 18 14 25 21 14 25 24 10 19 25 12 25 22 25 22 22 18 24 20 20 13 20 12 13 13 16 16 25 13 12 16
24 12 21 12 18 11 18 17 21 24 21 24 10 19 25 23 25 13 23 22 22 11 19 23 10 25 15 22 25 25 23 17 18 19 13 24 17 23 11 23 25 18 18 20 22 13 23 10 18 24 479.5
15 14 12 17 12 19 10 13 11 12 10 13 24 22 21 17 14 21 13 16 17 13 19 22 14 22 10 12 17 21 25 24 20 11 11 13 19 15 11 24 23 14 23 14 19 16 15 10 21 20 410.5
12 16 22 10 15 12 23 12 19 10 11 15 15 19 24 24 15 17 11 25 12 15 16 17 15 18 19 11 20 20 16 16 12 15 22 11 16 14 23 15 20 10 15 20 17 24 18 18 10 15 408.5
20 17 23 23 14 22 18 16 17 22 24 23 19 21 25 10 14 21 20 24 17 24 20 10 15 25 11 10 20 18 23 19 21 18 16 13 15 17 17 12 16 18 10 23 15 14 16 20 13 11 445
16 19 12 18 11 15 22 19 17 11 14 13 24 17 18 22 16 21 21 21 25 16 20 20 25 12 10 14 10 23 12 14 20 13 21 22 23 25 12 21 16 25 13 17 13 15 23 18 12 17 437
10 12 25 20 23 15 18 18 16 25 21 10 22 16 24 24 18 13 13 16 16 22 20 22 19 11 21 13 18 17 23 14 17 14 15 11 12 19 14 23 21 24 23 13 16 12 15 16 19 13 436
11 15 12 13 14 25 13 11 23 20 23 12 24 20 25 25 25 22 11 21 16 25 20 17 10 16 18 21 20 10 25 14 24 22 14 17 15 19 16 21 20 24 18 11 22 24 24 23 13 17 460.5
20 23 16 24 24 14 18 14 19 13 12 13 20 19 10 22 11 16 24 11 24 10 15 25 16 12 17 25 20 19 18 14 17 23 20 17 24 17 10 13 18 21 13 24 23 11 15 19 22 23 444
20 10 19 24 22 19 10 16 21 24 23 22 14 20 11 12 24 11 12 20 18 22 10 17 19 20 19 17 18 18 12 12 15 18 10 12 21 23 17 15 11 19 19 25 12 22 10 24 11 11 425.5
13 24 21 13 15 14 15 14 22 15 15 18 12 21 12 11 12 15 23 11 23 19 16 20 15 14 19 15 13 10 18 18 24 17 21 12 21 15 10 24 20 10 25 25 24 15 13 25 15 25 428.5
23 20 23 12 13 13 22 23 20 21 15 10 13 21 21 13 19 24 18 22 10 25 11 24 20 18 20 17 15 22 25 12 11 15 12 14 19 18 15 17 17 16 10 25 25 14 13 23 13 12 437
19 10 24 10 13 15 16 22 19 20 12 20 22 11 24 13 16 20 11 24 24 23 23 18 10 25 25 18 20 13 19 17 15 11 24 22 14 23 21 21 15 10 10 17 14 14 13 13 24 11 434
25 17 12 14 25 10 11 25 12 11 10 12 11 25 19 21 17 20 21 21 22 25 14 16 22 24 21 22 12 17 17 20 16 13 14 15 16 21 10 25 22 17 19 24 20 13 11 21 21 14 441.5
18 18 20 18 15 12 15 13 21 11 20 19 17 11 23 10 17 12 12 12 14 18 11 18 23 24 10 23 23 22 21 18 12 11 11 11 25 20 19 16 20 20 14 12 22 21 14 18 18 20 421.5
24 24 19 16 12 12 17 23 17 11 25 12 17 19 23 10 18 20 18 16 24 14 14 18 12 11 17 20 16 14 23 22 14 21 13 20 21 11 11 14 10 25 14 23 25 15 15 12 24 16 431
18 14 10 25 24 16 23 21 14 21 17 19 21 16 22 21 15 22 11 11 22 17 22 11 18 14 24 15 23 20 20 21 15 20 11 21 23 16 21 21 12 18 14 13 20 17 12 17 12 17 444
15 20 18 23 22 20 14 15 10 19 20 20 18 10 15 17 13 16 19 21 21 25 15 18 11 10 19 16 23 16 24 23 14 19 13 15 21 12 11 24 10 18 21 10 16 20 17 14 21 10 426
11 24 22 17 17 11 13 11 22 15 17 13 14 22 21 25 19 17 11 21 14 13 13 17 12 17 21 14 18 20 24 14 10 21 20 21 24 18 21 16 21 17 11 10 16 12 14 11 25 16 422
17 23 13 14 20 10 13 11 15 11 20 20 19 19 11 22 17 18 15 13 11 23 13 21 11 19 24 10 22 24 10 22 16 10 10 19 14 22 13 11 20 23 12 21 24 17 22 24 14 11 417
23 18 16 15 16 24 24 18 22 21 17 10 25 20 19 22 23 10 12 25 15 10 19 25 18 20 10 19 22 13 22 24 23 22 13 18 18 12 21 13 13 13 19 14 17 19 25 12 25 17 455.5
19 20 24 25 20 12 11 16 17 12 23 21 13 11 17 10 24 19 15 13 22 20 17 22 10 18 22 17 23 20 17 20 13 20 24 25 15 16 19 22 14 12 13 21 22 21 12 10 14 21 442
17 16 18 13 20 20 19 14 24 22 15 11 13 15 16 10 11 14 10 11 25 20 20 11 15 15 23 10 21 17 18 25 11 13 13 10 21 15 25 21 20 19 21 16 22 13 10 20 10 11 410
22 23 17 19 10 23 16 25 18 14 25 16 24 19 23 12 21 22 24 13 24 22 15 21 14 20 19 19 18 18 18 25 24 15 23 13 22 11 24 21 24 19 18 24 10 19 17 21 20 20 482
13 19 11 10 10 10 13 21 23 18 12 19 11 12 14 20 14 14 19 13 20 12 20 25 24 23 12 11 23 13 16 19 24 14 23 10 23 14 20 13 22 18 24 13 15 25 10 12 15 23 416
14 24 20 16 10 12 15 19 20 19 12 25 23 17 23 24 22 24 10 23 19 12 16 17 21 12 15 19 25 17 15 10 19 25 18 24 10 18 10 12 25 17 13 22 23 22 10 12 19 11 440
17 13 25 21 24 16 25 16 17 24 10 10 19 18 10 14 10 12 13 10 14 19 21 16 20 17 24 18 17 11 17 14 11 22 18 15 19 19 18 24 23 11 21 22 17 20 12 20 12 10 423
22 25 14 20 17 12 13 24 12 18 16 13 22 12 22 17 18 12 25 15 12 25 21 24 19 18 19 19 17 17 20 10 14 15 22 17 21 11 19 15 23 13 13 15 14 22 12 22 13 12 431.5
21 16 22 22 15 15 12 10 17 10 15 11 17 10 22 20 19 11 19 12 24 25 18 24 20 19 18 10 14 20 25 20 25 16 12 18 25 12 17 13 24 18 25 22 18 14 13 15 23 17 440
22 25 20 24 13 14 17 17 12 17 10 25 21 15 11 23 21 15 15 12 15 12 10 19 19 23 17 11 18 20 20 25 14 12 23 16 21 16 17 14 23 19 12 16 11 15 23 11 17 12 425
25 13 19 16 25 10 16 19 25 22 21 22 16 12 13 23 22 15 22 19 16 20 18 15 13 25 17 12 12 10 10 19 16 10 20 13 25 11 23 14 19 11 10 23 12 25 10 23 18 19 432
24 13 14 17 16 17 12 17 24 15 25 22 23 17 10 15 19 11 17 14 24 13 15 17 13 17 17 16 14 15 13 20 22 12 24 10 25 10 22 16 17 19 10 18 14 21 18 15 23 15 423.5
